10202
10327
10328
10329
10455
10456
10457
10458
10459
10584
10585
10586
10587
10588
10713
10714
10715
10716
10717
10718
10842
10843
10844
10845
10846
10847
10848
10970
10971
10972
10973
10974
10975
10976
10977
11098
11099
11100
11101
11102
11103
11104
11105
11106
11226
11227
11228
11229
11230
11231
11232
11233
11234
11235
11354
11355
11356
11357
11358
11359
11360
11361
11362
11363
11364
11483
11484
11485
11486
11487
11488
11489
11490
11491
11492
11493
11612
11613
11614
11615
11616
11617
11618
11619
11620
11621
11622
11741
11742
11743
11744
11745
11746
11747
11748
11749
11750
11751
11870
11871
11872
11873
11874
11875
11876
11877
11878
11879
11880
11999
12000
12001
12002
12003
12004
12005
12006
12007
12008
12009
12128
12129
12130
12131
12132
12133
12134
12135
12136
12137
12138
12257
12258
12259
12260
12261
12262
12263
12264
12265
12266
12267
12386
12387
12388
12389
12390
12391
12392
12393
12394
12395
12396
12515
12516
12517
12518
12519
12520
12521
12522
12523
12524
12525
12644
12645
12646
12647
12648
12649
12650
12651
12652
12653
12654
12773
12774
12775
12776
12777
12778
12779
12780
12781
12782
12783
12902
12903
12904
12905
12906
12907
12908
12909
12910
12911
12912
13032
13033
13034
13035
13036
13037
13038
13039
13040
13162
13163
13164
13165
13166
13167
13168
13291
13292
13293
13294
13295
13296
13420
13421
13422
13423
13424
13549
13550
13551
13552
13553
13678
13679
13680
13681
13682
13808
13809
13810
13811
13938
13939
13940
2217
2345
2346
2347
2473
2474
2475
2476
2601
2602
2603
2604
2605
2730
2731
2732
2733
2734
2859
2860
2861
2862
2863
2988
2989
2990
2991
2992
2993
3117
3118
3119
3120
3121
3122
3123
3245
3246
3247
3248
3249
3250
3251
3252
3253
3373
3374
3375
3376
3377
3378
3379
3380
3381
3382
3383
3502
3503
3504
3505
3506
3507
3508
3509
3510
3511
3512
3631
3632
3633
3635
3636
3637
3638
3639
3640
3641
3760
3761
3762
3763
3764
3765
3766
3767
3768
3769
3770
3889
3890
3891
3892
3893
3894
3895
3896
3897
3898
3899
4018
4019
4020
4021
4022
4023
4024
4025
4026
4027
4028
4147
4148
4149
4150
4151
4152
4153
4154
4155
4156
4157
4276
4277
4278
4279
4280
4281
4282
4283
4284
4285
4286
4405
4406
4407
4408
4409
4410
4411
4412
4413
4414
4415
4534
4535
4536
4537
4538
4539
4540
4541
4542
4543
4544
4663
4664
4665
4666
4667
4668
4669
4670
4671
4672
4673
4792
4793
4794
4795
4796
4797
4798
4799
4800
4801
4802
4921
4922
4923
4924
4925
4926
4927
4928
4929
4930
4931
5051
5052
5053
5054
5055
5056
5057
5058
5059
5060
5181
5182
5183
5184
5185
5186
5187
5188
5189
5311
5312
5313
5314
5315
5316
5317
5318
5441
5442
5443
5444
5445
5446
5447
5570
5571
5572
5573
5574
5575
5699
5700
5701
5702
5703
5828
5829
5830
5831
5957
5958
5959
